{
  "selected_tag": "",
  "bin_dump_file": "",
  "mission_settings": {
    "player": {
      "army": 1
    },
    "player_teamB": {
      "army": 2
    },
    "mission": {
      "type": "domination",
      "level": "levels/avg_poland.bin",
      "environment": "Day",
      "weather": "hazy"
    }
  },
  "imports": {  },
  "triggers": {
    "isCategory": true,
    "is_enabled": true
  },
  "mission_objectives": {
    "isCategory": true,
    "is_enabled": true
  },
  "variables": {  },
  "dialogs": {  },
  "airfields": {  },
  "effects": {  },
  "units": {
    "area_squad": {
      "name": "spawn_t1b02",
      "tm": [
    0.499999,
    0.0,
    0.866026,
    0.0,
    1.0,
    0.0,
    -0.866026,
    0.0,
    0.499999,
    2805.8,
    8.55,
    2040.7,
],
      "props": {
        "squad_members": "spawn_point_01",
        "squad_members": "spawn_point_02",
        "squad_members": "spawn_point_03",
        "squad_members": "spawn_point_04",
        "squad_members": "spawn_point_05",
        "squad_members": "spawn_point_06",
        "squad_members": "spawn_point_07",
        "squad_members": "spawn_point_08",
        "squad_members": "spawn_point_09",
        "squad_members": "spawn_point_10",
        "squad_members": "spawn_point_11",
        "squad_members": "spawn_point_12",
        "squad_members": "spawn_point_13",
        "squad_members": "spawn_point_14",
        "squad_members": "spawn_point_15",
        "squad_members": "spawn_point_16",
        "squad_members": "spawn_point_17",
        "squad_members": "spawn_point_18",
        "squad_members": "spawn_point_19",
        "squad_members": "spawn_point_20"
      }
    },
    "area_squad": {
      "name": "spawn_t1b01",
      "tm": [
    0.131503,
    0.0,
    0.991316,
    0.0,
    1.0,
    0.0,
    -0.991316,
    0.0,
    0.131503,
    2314.35,
    13.2767,
    2024.68,
],
      "props": {
        "squad_members": "spawn_point_33",
        "squad_members": "spawn_point_34",
        "squad_members": "spawn_point_35",
        "squad_members": "spawn_point_36",
        "squad_members": "spawn_point_37",
        "squad_members": "spawn_point_38",
        "squad_members": "spawn_point_39",
        "squad_members": "spawn_point_40",
        "squad_members": "spawn_point_41",
        "squad_members": "spawn_point_42",
        "squad_members": "spawn_point_43",
        "squad_members": "spawn_point_44",
        "squad_members": "spawn_point_45",
        "squad_members": "spawn_point_46",
        "squad_members": "spawn_point_47",
        "squad_members": "spawn_point_32",
        "squad_members": "spawn_point_48",
        "squad_members": "spawn_point_49",
        "squad_members": "spawn_point_50",
        "squad_members": "spawn_point_51"
      }
    },
    "area_squad": {
      "name": "spawn_t2b02",
      "tm": [
    0.342021,
    0.0,
    0.939693,
    0.0,
    1.0,
    0.0,
    -0.939693,
    0.0,
    0.342021,
    1523.69,
    13.6049,
    1956.14,
],
      "props": {
        "squad_members": "spawn_point_64",
        "squad_members": "spawn_point_65",
        "squad_members": "spawn_point_66",
        "squad_members": "spawn_point_67",
        "squad_members": "spawn_point_68",
        "squad_members": "spawn_point_69",
        "squad_members": "spawn_point_70",
        "squad_members": "spawn_point_71",
        "squad_members": "spawn_point_72",
        "squad_members": "spawn_point_73",
        "squad_members": "spawn_point_74",
        "squad_members": "spawn_point_75",
        "squad_members": "spawn_point_76",
        "squad_members": "spawn_point_77",
        "squad_members": "spawn_point_78",
        "squad_members": "spawn_point_63",
        "squad_members": "spawn_point_79",
        "squad_members": "spawn_point_80",
        "squad_members": "spawn_point_81",
        "squad_members": "spawn_point_82"
      }
    },
    "area_squad": {
      "name": "spawn_t1a02",
      "tm": [
    -0.458738,
    0.0,
    0.888571,
    0.0,
    1.0,
    0.0,
    -0.888571,
    0.0,
    -0.458738,
    2335.47,
    27.012,
    1955.64,
],
      "props": {
        "squad_members": "spawn_point_126",
        "squad_members": "spawn_point_127",
        "squad_members": "spawn_point_128",
        "squad_members": "spawn_point_129",
        "squad_members": "spawn_point_130",
        "squad_members": "spawn_point_131",
        "squad_members": "spawn_point_132",
        "squad_members": "spawn_point_133",
        "squad_members": "spawn_point_134",
        "squad_members": "spawn_point_135",
        "squad_members": "spawn_point_136",
        "squad_members": "spawn_point_137",
        "squad_members": "spawn_point_138",
        "squad_members": "spawn_point_139",
        "squad_members": "spawn_point_140",
        "squad_members": "spawn_point_125",
        "squad_members": "spawn_point_177",
        "squad_members": "spawn_point_178",
        "squad_members": "spawn_point_179",
        "squad_members": "spawn_point_180"
      }
    },
    "area_squad": {
      "name": "spawn_t2a01",
      "tm": [
    -0.951599,
    0.0,
    0.307343,
    0.0,
    1.0,
    0.0,
    -0.307343,
    0.0,
    -0.951599,
    1590.26,
    15.7581,
    1935.33,
],
      "props": {
        "squad_members": "spawn_point_95",
        "squad_members": "spawn_point_96",
        "squad_members": "spawn_point_97",
        "squad_members": "spawn_point_98",
        "squad_members": "spawn_point_99",
        "squad_members": "spawn_point_100",
        "squad_members": "spawn_point_101",
        "squad_members": "spawn_point_102",
        "squad_members": "spawn_point_103",
        "squad_members": "spawn_point_104",
        "squad_members": "spawn_point_105",
        "squad_members": "spawn_point_106",
        "squad_members": "spawn_point_107",
        "squad_members": "spawn_point_108",
        "squad_members": "spawn_point_109",
        "squad_members": "spawn_point_94",
        "squad_members": "spawn_point_110",
        "squad_members": "spawn_point_111",
        "squad_members": "spawn_point_112",
        "squad_members": "spawn_point_113"
      }
    },
    "area_squad": {
      "name": "spawn_t2a02",
      "tm": [
    -0.954895,
    0.0,
    0.296945,
    0.0,
    1.0,
    0.0,
    -0.296945,
    0.0,
    -0.954895,
    956.95,
    22.7,
    1940.15,
],
      "props": {
        "squad_members": "spawn_point_157",
        "squad_members": "spawn_point_158",
        "squad_members": "spawn_point_159",
        "squad_members": "spawn_point_160",
        "squad_members": "spawn_point_161",
        "squad_members": "spawn_point_162",
        "squad_members": "spawn_point_163",
        "squad_members": "spawn_point_164",
        "squad_members": "spawn_point_165",
        "squad_members": "spawn_point_166",
        "squad_members": "spawn_point_167",
        "squad_members": "spawn_point_168",
        "squad_members": "spawn_point_169",
        "squad_members": "spawn_point_170",
        "squad_members": "spawn_point_171",
        "squad_members": "spawn_point_156",
        "squad_members": "spawn_point_181",
        "squad_members": "spawn_point_182",
        "squad_members": "spawn_point_183",
        "squad_members": "spawn_point_184"
      }
    },
    "area_squad": {
      "name": "t2b_pit_1st_sq",
      "tm": [
    0.939693,
    0.0,
    0.34202,
    0.0,
    1.0,
    0.0,
    -0.34202,
    0.0,
    0.939693,
    1610.73,
    28.0268,
    2153.25,
],
      "props": {
        "squad_members": "t2b_pit_01",
        "squad_members": "t2b_pit_02",
        "squad_members": "t2b_pit_03",
        "squad_members": "t2b_pit_04",
        "squad_members": "t2b_pit_05"
      }
    },
    "area_squad": {
      "name": "t2a_pit_2nd_sq",
      "tm": [
    -0.654185,
    0.0,
    0.756335,
    0.0,
    1.0,
    0.0,
    -0.756335,
    0.0,
    -0.654185,
    1448.38,
    25.962,
    2091.66,
],
      "props": {
        "squad_members": "t2a_pit_06",
        "squad_members": "t2a_pit_07",
        "squad_members": "t2a_pit_08",
        "squad_members": "t2a_pit_09",
        "squad_members": "t2a_pit_10",
        "squad_members": "t2a_pit_11",
        "squad_members": "t2a_pit_12",
        "squad_members": "t2a_pit_13",
        "squad_members": "t2a_pit_14",
        "squad_members": "t2a_pit_15"
      }
    },
    "area_squad": {
      "name": "t2a_pit_1st_sq",
      "tm": [
    -0.426187,
    0.0,
    0.904635,
    0.0,
    1.0,
    0.0,
    -0.904635,
    0.0,
    -0.426187,
    2028.55,
    6.5,
    2025.1,
],
      "props": {
        "squad_members": "t2a_pit_01",
        "squad_members": "t2a_pit_02",
        "squad_members": "t2a_pit_03",
        "squad_members": "t2a_pit_04",
        "squad_members": "t2a_pit_05"
      }
    },
    "area_squad": {
      "name": "t2b_pit_2nd_sq",
      "tm": [
    0.939693,
    0.0,
    0.34202,
    0.0,
    1.0,
    0.0,
    -0.34202,
    0.0,
    0.939693,
    2244.26,
    1.62677,
    1885.83,
],
      "props": {
        "squad_members": "t2b_pit_06",
        "squad_members": "t2b_pit_07",
        "squad_members": "t2b_pit_08",
        "squad_members": "t2b_pit_09",
        "squad_members": "t2b_pit_10",
        "squad_members": "t2b_pit_11",
        "squad_members": "t2b_pit_12",
        "squad_members": "t2b_pit_13",
        "squad_members": "t2b_pit_14",
        "squad_members": "t2b_pit_15"
      }
    },
    "tankModels": {
      "name": "t1_player01",
      "tm": [
    0.998301,
    0.0,
    0.0582725,
    0.0,
    1.0,
    0.0,
    -0.0582725,
    0.0,
    0.998301,
    2241.0,
    89.6,
    482.15,
],
      "unit_class": "germ_at_gun_pak38",
      "objLayer": 1,
      "closed_waypoints": false,
      "isShipSpline": false,
      "shipTurnRadius": 100.0,
      "weapons": "",
      "bullets0": "",
      "bullets1": "",
      "bullets2": "",
      "bullets3": "",
      "bulletsCount0": 0,
      "bulletsCount1": 0,
      "bulletsCount2": 0,
      "bulletsCount3": 0,
      "crewSkillK": 0.0,
      "applyAllMods": false,
      "props": {
        "army": 2,
        "count": 1,
        "formation_type": "rows",
        "formation_div": 3,
        "formation_step": [
          2.5,
          2.0
        ],
        "formation_noise": [
          0.1,
          0.1
        ],
        "isDelayed": true
      },
      "way": {      }
    },
    "area_squad": {
      "name": "spawn_t1a01",
      "tm": [
    -0.934844,
    0.0,
    0.355059,
    0.0,
    1.0,
    0.0,
    -0.355059,
    0.0,
    -0.934844,
    2880.73,
    11.2521,
    1677.85,
],
      "props": {
        "squad_members": "spawn_point_142",
        "squad_members": "spawn_point_143",
        "squad_members": "spawn_point_144",
        "squad_members": "spawn_point_145",
        "squad_members": "spawn_point_146",
        "squad_members": "spawn_point_147",
        "squad_members": "spawn_point_148",
        "squad_members": "spawn_point_149",
        "squad_members": "spawn_point_150",
        "squad_members": "spawn_point_151",
        "squad_members": "spawn_point_152",
        "squad_members": "spawn_point_153",
        "squad_members": "spawn_point_154",
        "squad_members": "spawn_point_155",
        "squad_members": "spawn_point_172",
        "squad_members": "spawn_point_141",
        "squad_members": "spawn_point_173",
        "squad_members": "spawn_point_174",
        "squad_members": "spawn_point_175",
        "squad_members": "spawn_point_176"
      }
    },
    "area_squad": {
      "name": "spawn_t2b01",
      "tm": [
    0.21644,
    0.0,
    0.976296,
    0.0,
    1.0,
    0.0,
    -0.976296,
    0.0,
    0.21644,
    806.55,
    11.8,
    2011.75,
],
      "props": {
        "squad_members": "spawn_point_189",
        "squad_members": "spawn_point_190",
        "squad_members": "spawn_point_191",
        "squad_members": "spawn_point_192",
        "squad_members": "spawn_point_193",
        "squad_members": "spawn_point_194",
        "squad_members": "spawn_point_195",
        "squad_members": "spawn_point_196",
        "squad_members": "spawn_point_197",
        "squad_members": "spawn_point_198",
        "squad_members": "spawn_point_199",
        "squad_members": "spawn_point_200",
        "squad_members": "spawn_point_201",
        "squad_members": "spawn_point_202",
        "squad_members": "spawn_point_203",
        "squad_members": "spawn_point_188",
        "squad_members": "spawn_point_204",
        "squad_members": "spawn_point_205",
        "squad_members": "spawn_point_206",
        "squad_members": "spawn_point_207"
      }
    },
    "objectGroups": {
      "name": "objectGroups_62",
      "tm": [
    0.173648,
    0.0,
    0.984807,
    0.0,
    1.0,
    0.0,
    -0.984807,
    0.0,
    0.173648,
    2409.33,
    21.55,
    1490.2,
],
      "unit_class": "czech_hedgehog_dynamic",
      "objLayer": 2,
      "props": {
        "army": 0,
        "active": true
      }
    },
    "objectGroups": {
      "name": "objectGroups_63",
      "tm": [
    0.422617,
    0.0,
    -0.906308,
    0.0,
    1.0,
    0.0,
    0.906308,
    0.0,
    0.422617,
    2407.45,
    21.55,
    1487.25,
],
      "unit_class": "czech_hedgehog_dynamic",
      "objLayer": 2,
      "props": {
        "army": 0,
        "active": true
      }
    },
    "objectGroups": {
      "name": "objectGroups_64",
      "tm": [
    0.866025,
    0.0,
    -0.499999,
    0.0,
    1.0,
    0.0,
    0.499999,
    0.0,
    0.866025,
    2405.84,
    21.55,
    1490.36,
],
      "unit_class": "czech_hedgehog_dynamic",
      "objLayer": 2,
      "props": {
        "army": 0,
        "active": true
      }
    },
    "objectGroups": {
      "name": "objectGroups_65",
      "tm": [
    0.216447,
    0.0,
    -0.976295,
    0.0,
    1.0,
    0.0,
    0.976295,
    0.0,
    0.216447,
    2407.72,
    21.55,
    1493.31,
],
      "unit_class": "czech_hedgehog_dynamic",
      "objLayer": 2,
      "props": {
        "army": 0,
        "active": true
      }
    },
    "objectGroups": {
      "name": "objectGroups_66",
      "tm": [
    -0.976297,
    0.0,
    0.216435,
    0.0,
    1.0,
    0.0,
    -0.216435,
    0.0,
    -0.976297,
    2404.22,
    21.55,
    1493.46,
],
      "unit_class": "czech_hedgehog_dynamic",
      "objLayer": 2,
      "props": {
        "army": 0,
        "active": true
      }
    },
    "objectGroups": {
      "name": "objectGroups_73",
      "tm": [
    0.5,
    0.0,
    0.866025,
    0.0,
    1.0,
    0.0,
    -0.866025,
    0.0,
    0.5,
    2416.25,
    21.55,
    1477.85,
],
      "unit_class": "czech_hedgehog_dynamic",
      "objLayer": 2,
      "props": {
        "army": 0,
        "active": true
      }
    },
    "objectGroups": {
      "name": "objectGroups_74",
      "tm": [
    0.173648,
    0.0,
    0.984807,
    0.0,
    1.0,
    0.0,
    -0.984807,
    0.0,
    0.173648,
    2414.63,
    21.55,
    1480.95,
],
      "unit_class": "czech_hedgehog_dynamic",
      "objLayer": 2,
      "props": {
        "army": 0,
        "active": true
      }
    },
    "objectGroups": {
      "name": "objectGroups_75",
      "tm": [
    0.422617,
    0.0,
    -0.906308,
    0.0,
    1.0,
    0.0,
    0.906308,
    0.0,
    0.422617,
    2412.75,
    21.55,
    1478.0,
],
      "unit_class": "czech_hedgehog_dynamic",
      "objLayer": 2,
      "props": {
        "army": 0,
        "active": true
      }
    },
    "objectGroups": {
      "name": "objectGroups_84",
      "tm": [
    0.5,
    0.0,
    0.866025,
    0.0,
    1.0,
    0.0,
    -0.866025,
    0.0,
    0.5,
    2420.1,
    21.55,
    1468.2,
],
      "unit_class": "czech_hedgehog_dynamic",
      "objLayer": 2,
      "props": {
        "army": 0,
        "active": true
      }
    },
    "objectGroups": {
      "name": "objectGroups_85",
      "tm": [
    0.173648,
    0.0,
    0.984807,
    0.0,
    1.0,
    0.0,
    -0.984807,
    0.0,
    0.173648,
    2418.48,
    21.55,
    1471.3,
],
      "unit_class": "czech_hedgehog_dynamic",
      "objLayer": 2,
      "props": {
        "army": 0,
        "active": true
      }
    },
    "objectGroups": {
      "name": "objectGroups_86",
      "tm": [
    0.422617,
    0.0,
    -0.906308,
    0.0,
    1.0,
    0.0,
    0.906308,
    0.0,
    0.422617,
    2416.6,
    21.55,
    1468.35,
],
      "unit_class": "czech_hedgehog_dynamic",
      "objLayer": 2,
      "props": {
        "army": 0,
        "active": true
      }
    },
    "objectGroups": {
      "name": "objectGroups_87",
      "tm": [
    0.866025,
    0.0,
    -0.499999,
    0.0,
    1.0,
    0.0,
    0.499999,
    0.0,
    0.866025,
    2414.99,
    21.55,
    1471.46,
],
      "unit_class": "czech_hedgehog_dynamic",
      "objLayer": 2,
      "props": {
        "army": 0,
        "active": true
      }
    },
    "objectGroups": {
      "name": "objectGroups_88",
      "tm": [
    0.216447,
    0.0,
    -0.976295,
    0.0,
    1.0,
    0.0,
    0.976295,
    0.0,
    0.216447,
    2416.87,
    21.55,
    1474.41,
],
      "unit_class": "czech_hedgehog_dynamic",
      "objLayer": 2,
      "props": {
        "army": 0,
        "active": true
      }
    },
    "objectGroups": {
      "name": "objectGroups_83",
      "tm": [
    -0.976297,
    0.0,
    0.216435,
    0.0,
    1.0,
    0.0,
    -0.216435,
    0.0,
    -0.976297,
    2413.37,
    21.55,
    1474.56,
],
      "unit_class": "czech_hedgehog_dynamic",
      "objLayer": 2,
      "props": {
        "army": 0,
        "active": true
      }
    },
    "objectGroups": {
      "name": "objectGroups_95",
      "tm": [
    0.67559,
    0.0,
    0.737277,
    0.0,
    1.0,
    0.0,
    -0.737277,
    0.0,
    0.67559,
    2422.9,
    21.55,
    1457.2,
],
      "unit_class": "czech_hedgehog_dynamic",
      "objLayer": 2,
      "props": {
        "army": 0,
        "active": true
      }
    },
    "objectGroups": {
      "name": "objectGroups_96",
      "tm": [
    0.382683,
    0.0,
    0.923879,
    0.0,
    1.0,
    0.0,
    -0.923879,
    0.0,
    0.382683,
    2421.99,
    21.55,
    1460.58,
],
      "unit_class": "czech_hedgehog_dynamic",
      "objLayer": 2,
      "props": {
        "army": 0,
        "active": true
      }
    },
    "objectGroups": {
      "name": "objectGroups_97",
      "tm": [
    0.216438,
    0.0,
    -0.976296,
    0.0,
    1.0,
    0.0,
    0.976296,
    0.0,
    0.216438,
    2419.52,
    21.55,
    1458.11,
],
      "unit_class": "czech_hedgehog_dynamic",
      "objLayer": 2,
      "props": {
        "army": 0,
        "active": true
      }
    },
    "objectGroups": {
      "name": "objectGroups_98",
      "tm": [
    0.737277,
    0.0,
    -0.675589,
    0.0,
    1.0,
    0.0,
    0.675589,
    0.0,
    0.737277,
    2418.61,
    21.55,
    1461.49,
],
      "unit_class": "czech_hedgehog_dynamic",
      "objLayer": 2,
      "props": {
        "army": 0,
        "active": true
      }
    },
    "objectGroups": {
      "name": "objectGroups_99",
      "tm": [
    7.21216e-6,
    0.0,
    -1.0,
    0.0,
    1.0,
    0.0,
    1.0,
    0.0,
    7.21216e-6,
    2421.09,
    21.55,
    1463.96,
],
      "unit_class": "czech_hedgehog_dynamic",
      "objLayer": 2,
      "props": {
        "army": 0,
        "active": true
      }
    },
    "objectGroups": {
      "name": "objectGroups_94",
      "tm": [
    -0.906309,
    0.0,
    0.422614,
    0.0,
    1.0,
    0.0,
    -0.422614,
    0.0,
    -0.906309,
    2417.71,
    21.55,
    1464.87,
],
      "unit_class": "czech_hedgehog_dynamic",
      "objLayer": 2,
      "props": {
        "army": 0,
        "active": true
      }
    },
    "objectGroups": {
      "name": "objectGroups_106",
      "tm": [
    0.573576,
    0.0,
    0.819152,
    0.0,
    1.0,
    0.0,
    -0.819152,
    0.0,
    0.573576,
    2427.45,
    21.55,
    1447.2,
],
      "unit_class": "czech_hedgehog_dynamic",
      "objLayer": 2,
      "props": {
        "army": 0,
        "active": true
      }
    },
    "objectGroups": {
      "name": "objectGroups_107",
      "tm": [
    0.258819,
    0.0,
    0.965925,
    0.0,
    1.0,
    0.0,
    -0.965925,
    0.0,
    0.258819,
    2426.11,
    21.55,
    1450.43,
],
      "unit_class": "czech_hedgehog_dynamic",
      "objLayer": 2,
      "props": {
        "army": 0,
        "active": true
      }
    },
    "objectGroups": {
      "name": "objectGroups_108",
      "tm": [
    0.342019,
    0.0,
    -0.939693,
    0.0,
    1.0,
    0.0,
    0.939693,
    0.0,
    0.342019,
    2423.98,
    21.55,
    1447.66,
],
      "unit_class": "czech_hedgehog_dynamic",
      "objLayer": 2,
      "props": {
        "army": 0,
        "active": true
      }
    },
    "objectGroups": {
      "name": "objectGroups_109",
      "tm": [
    0.819152,
    0.0,
    -0.573575,
    0.0,
    1.0,
    0.0,
    0.573575,
    0.0,
    0.819152,
    2422.64,
    21.55,
    1450.89,
],
      "unit_class": "czech_hedgehog_dynamic",
      "objLayer": 2,
      "props": {
        "army": 0,
        "active": true
      }
    },
    "objectGroups": {
      "name": "objectGroups_110",
      "tm": [
    0.130533,
    0.0,
    -0.991444,
    0.0,
    1.0,
    0.0,
    0.991444,
    0.0,
    0.130533,
    2424.77,
    21.55,
    1453.67,
],
      "unit_class": "czech_hedgehog_dynamic",
      "objLayer": 2,
      "props": {
        "army": 0,
        "active": true
      }
    },
    "objectGroups": {
      "name": "objectGroups_105",
      "tm": [
    -0.953718,
    0.0,
    0.300702,
    0.0,
    1.0,
    0.0,
    -0.300702,
    0.0,
    -0.953718,
    2421.3,
    21.55,
    1454.12,
],
      "unit_class": "czech_hedgehog_dynamic",
      "objLayer": 2,
      "props": {
        "army": 0,
        "active": true
      }
    },
    "objectGroups": {
      "name": "objectGroups_117",
      "tm": [
    0.573576,
    0.0,
    0.819152,
    0.0,
    1.0,
    0.0,
    -0.819152,
    0.0,
    0.573576,
    2431.0,
    21.55,
    1436.95,
],
      "unit_class": "czech_hedgehog_dynamic",
      "objLayer": 2,
      "props": {
        "army": 0,
        "active": true
      }
    },
    "objectGroups": {
      "name": "objectGroups_118",
      "tm": [
    0.258819,
    0.0,
    0.965925,
    0.0,
    1.0,
    0.0,
    -0.965925,
    0.0,
    0.258819,
    2429.66,
    21.55,
    1440.18,
],
      "unit_class": "czech_hedgehog_dynamic",
      "objLayer": 2,
      "props": {
        "army": 0,
        "active": true
      }
    },
    "objectGroups": {
      "name": "objectGroups_119",
      "tm": [
    0.342019,
    0.0,
    -0.939693,
    0.0,
    1.0,
    0.0,
    0.939693,
    0.0,
    0.342019,
    2427.53,
    21.55,
    1437.41,
],
      "unit_class": "czech_hedgehog_dynamic",
      "objLayer": 2,
      "props": {
        "army": 0,
        "active": true
      }
    },
    "objectGroups": {
      "name": "objectGroups_120",
      "tm": [
    0.819152,
    0.0,
    -0.573575,
    0.0,
    1.0,
    0.0,
    0.573575,
    0.0,
    0.819152,
    2426.19,
    21.55,
    1440.64,
],
      "unit_class": "czech_hedgehog_dynamic",
      "objLayer": 2,
      "props": {
        "army": 0,
        "active": true
      }
    },
    "objectGroups": {
      "name": "objectGroups_121",
      "tm": [
    0.130533,
    0.0,
    -0.991444,
    0.0,
    1.0,
    0.0,
    0.991444,
    0.0,
    0.130533,
    2428.32,
    21.55,
    1443.42,
],
      "unit_class": "czech_hedgehog_dynamic",
      "objLayer": 2,
      "props": {
        "army": 0,
        "active": true
      }
    },
    "objectGroups": {
      "name": "objectGroups_116",
      "tm": [
    -0.953718,
    0.0,
    0.300702,
    0.0,
    1.0,
    0.0,
    -0.300702,
    0.0,
    -0.953718,
    2424.85,
    21.55,
    1443.87,
],
      "unit_class": "czech_hedgehog_dynamic",
      "objLayer": 2,
      "props": {
        "army": 0,
        "active": true
      }
    },
    "objectGroups": {
      "name": "objectGroups_128",
      "tm": [
    0.461748,
    0.0,
    0.887011,
    0.0,
    1.0,
    0.0,
    -0.887011,
    0.0,
    0.461748,
    2435.7,
    21.55,
    1427.3,
],
      "unit_class": "czech_hedgehog_dynamic",
      "objLayer": 2,
      "props": {
        "army": 0,
        "active": true
      }
    },
    "objectGroups": {
      "name": "objectGroups_127",
      "tm": [
    -0.984808,
    0.0,
    0.173644,
    0.0,
    1.0,
    0.0,
    -0.173644,
    0.0,
    -0.984808,
    2428.7,
    21.55,
    1433.36,
],
      "unit_class": "czech_hedgehog_dynamic",
      "objLayer": 2,
      "props": {
        "army": 0,
        "active": true
      }
    },
    "objectGroups": {
      "name": "objectGroups_139",
      "tm": [
    0.34202,
    0.0,
    0.939693,
    0.0,
    1.0,
    0.0,
    -0.939693,
    0.0,
    0.34202,
    2442.13,
    21.55,
    1419.65,
],
      "unit_class": "czech_hedgehog_dynamic",
      "objLayer": 2,
      "props": {
        "army": 0,
        "active": true
      }
    },
    "objectGroups": {
      "name": "objectGroups_140",
      "tm": [
    -4.47035e-8,
    0.0,
    1.0,
    0.0,
    1.0,
    0.0,
    -1.0,
    0.0,
    -4.47035e-8,
    2440.0,
    21.55,
    1422.43,
],
      "unit_class": "czech_hedgehog_dynamic",
      "objLayer": 2,
      "props": {
        "army": 0,
        "active": true
      }
    },
    "objectGroups": {
      "name": "objectGroups_141",
      "tm": [
    0.573575,
    0.0,
    -0.819153,
    0.0,
    1.0,
    0.0,
    0.819153,
    0.0,
    0.573575,
    2438.66,
    21.55,
    1419.2,
],
      "unit_class": "czech_hedgehog_dynamic",
      "objLayer": 2,
      "props": {
        "army": 0,
        "active": true
      }
    },
    "objectGroups": {
      "name": "objectGroups_142",
      "tm": [
    0.939692,
    0.0,
    -0.342019,
    0.0,
    1.0,
    0.0,
    0.342019,
    0.0,
    0.939692,
    2436.53,
    21.55,
    1421.97,
],
      "unit_class": "czech_hedgehog_dynamic",
      "objLayer": 2,
      "props": {
        "army": 0,
        "active": true
      }
    },
    "objectGroups": {
      "name": "objectGroups_143",
      "tm": [
    0.38269,
    0.0,
    -0.923877,
    0.0,
    1.0,
    0.0,
    0.923877,
    0.0,
    0.38269,
    2437.87,
    21.55,
    1425.21,
],
      "unit_class": "czech_hedgehog_dynamic",
      "objLayer": 2,
      "props": {
        "army": 0,
        "active": true
      }
    },
    "objectGroups": {
      "name": "objectGroups_138",
      "tm": [
    -0.999048,
    0.0,
    0.0436151,
    0.0,
    1.0,
    0.0,
    -0.0436151,
    0.0,
    -0.999048,
    2434.4,
    21.55,
    1424.75,
],
      "unit_class": "czech_hedgehog_dynamic",
      "objLayer": 2,
      "props": {
        "army": 0,
        "active": true
      }
    },
    "objectGroups": {
      "name": "objectGroups_150",
      "tm": [
    -0.999048,
    0.0,
    0.0436151,
    0.0,
    1.0,
    0.0,
    -0.0436151,
    0.0,
    -0.999048,
    2440.91,
    21.55,
    1416.3,
],
      "unit_class": "czech_hedgehog_dynamic",
      "objLayer": 2,
      "props": {
        "army": 0,
        "active": true
      }
    },
    "objectGroups": {
      "name": "objectGroups_151",
      "tm": [
    0.38269,
    0.0,
    -0.923877,
    0.0,
    1.0,
    0.0,
    0.923877,
    0.0,
    0.38269,
    2444.38,
    21.55,
    1416.75,
],
      "unit_class": "czech_hedgehog_dynamic",
      "objLayer": 2,
      "props": {
        "army": 0,
        "active": true
      }
    },
    "objectGroups": {
      "name": "objectGroups_152",
      "tm": [
    0.939692,
    0.0,
    -0.342019,
    0.0,
    1.0,
    0.0,
    0.342019,
    0.0,
    0.939692,
    2443.04,
    21.55,
    1413.52,
],
      "unit_class": "czech_hedgehog_dynamic",
      "objLayer": 2,
      "props": {
        "army": 0,
        "active": true
      }
    },
    "objectGroups": {
      "name": "objectGroups_153",
      "tm": [
    0.573575,
    0.0,
    -0.819153,
    0.0,
    1.0,
    0.0,
    0.819153,
    0.0,
    0.573575,
    2445.17,
    21.55,
    1410.74,
],
      "unit_class": "czech_hedgehog_dynamic",
      "objLayer": 2,
      "props": {
        "army": 0,
        "active": true
      }
    },
    "objectGroups": {
      "name": "objectGroups_154",
      "tm": [
    -4.47035e-8,
    0.0,
    1.0,
    0.0,
    1.0,
    0.0,
    -1.0,
    0.0,
    -4.47035e-8,
    2446.51,
    21.55,
    1413.98,
],
      "unit_class": "czech_hedgehog_dynamic",
      "objLayer": 2,
      "props": {
        "army": 0,
        "active": true
      }
    },
    "objectGroups": {
      "name": "objectGroups_149",
      "tm": [
    0.34202,
    0.0,
    0.939693,
    0.0,
    1.0,
    0.0,
    -0.939693,
    0.0,
    0.34202,
    2448.64,
    21.55,
    1411.2,
],
      "unit_class": "czech_hedgehog_dynamic",
      "objLayer": 2,
      "props": {
        "army": 0,
        "active": true
      }
    },
    "objectGroups": {
      "name": "objectGroups_161",
      "tm": [
    -0.991444,
    0.0,
    -0.13053,
    0.0,
    1.0,
    0.0,
    0.13053,
    0.0,
    -0.991444,
    2447.13,
    21.55,
    1407.03,
],
      "unit_class": "czech_hedgehog_dynamic",
      "objLayer": 2,
      "props": {
        "army": 0,
        "active": true
      }
    },
    "objectGroups": {
      "name": "objectGroups_162",
      "tm": [
    0.537306,
    0.0,
    -0.843388,
    0.0,
    1.0,
    0.0,
    0.843388,
    0.0,
    0.537306,
    2450.47,
    21.55,
    1408.09,
],
      "unit_class": "czech_hedgehog_dynamic",
      "objLayer": 2,
      "props": {
        "army": 0,
        "active": true
      }
    },
    "objectGroups": {
      "name": "objectGroups_163",
      "tm": [
    0.984807,
    0.0,
    -0.173647,
    0.0,
    1.0,
    0.0,
    0.173647,
    0.0,
    0.984807,
    2449.71,
    21.55,
    1404.67,
],
      "unit_class": "czech_hedgehog_dynamic",
      "objLayer": 2,
      "props": {
        "army": 0,
        "active": true
      }
    },
    "objectGroups": {
      "name": "objectGroups_164",
      "tm": [
    0.707106,
    0.0,
    -0.707108,
    0.0,
    1.0,
    0.0,
    0.707108,
    0.0,
    0.707106,
    2452.29,
    21.55,
    1402.3,
],
      "unit_class": "czech_hedgehog_dynamic",
      "objLayer": 2,
      "props": {
        "army": 0,
        "active": true
      }
    },
    "objectGroups": {
      "name": "objectGroups_165",
      "tm": [
    -0.173648,
    0.0,
    0.984807,
    0.0,
    1.0,
    0.0,
    -0.984807,
    0.0,
    -0.173648,
    2453.05,
    21.55,
    1405.72,
],
      "unit_class": "czech_hedgehog_dynamic",
      "objLayer": 2,
      "props": {
        "army": 0,
        "active": true
      }
    },
    "objectGroups": {
      "name": "objectGroups_160",
      "tm": [
    0.173648,
    0.0,
    0.984808,
    0.0,
    1.0,
    0.0,
    -0.984808,
    0.0,
    0.173648,
    2455.63,
    21.55,
    1403.36,
],
      "unit_class": "czech_hedgehog_dynamic",
      "objLayer": 2,
      "props": {
        "army": 0,
        "active": true
      }
    },
    "objectGroups": {
      "name": "objectGroups_172",
      "tm": [
    -0.999048,
    0.0,
    0.0436151,
    0.0,
    1.0,
    0.0,
    -0.0436151,
    0.0,
    -0.999048,
    2454.37,
    21.55,
    1399.43,
],
      "unit_class": "czech_hedgehog_dynamic",
      "objLayer": 2,
      "props": {
        "army": 0,
        "active": true
      }
    },
    "objectGroups": {
      "name": "objectGroups_173",
      "tm": [
    0.38269,
    0.0,
    -0.923877,
    0.0,
    1.0,
    0.0,
    0.923877,
    0.0,
    0.38269,
    2457.84,
    21.55,
    1399.89,
],
      "unit_class": "czech_hedgehog_dynamic",
      "objLayer": 2,
      "props": {
        "army": 0,
        "active": true
      }
    },
    "objectGroups": {
      "name": "objectGroups_174",
      "tm": [
    0.939692,
    0.0,
    -0.342019,
    0.0,
    1.0,
    0.0,
    0.342019,
    0.0,
    0.939692,
    2456.5,
    21.55,
    1396.66,
],
      "unit_class": "czech_hedgehog_dynamic",
      "objLayer": 2,
      "props": {
        "army": 0,
        "active": true
      }
    },
    "objectGroups": {
      "name": "objectGroups_175",
      "tm": [
    0.573575,
    0.0,
    -0.819153,
    0.0,
    1.0,
    0.0,
    0.819153,
    0.0,
    0.573575,
    2458.63,
    21.55,
    1393.88,
],
      "unit_class": "czech_hedgehog_dynamic",
      "objLayer": 2,
      "props": {
        "army": 0,
        "active": true
      }
    },
    "objectGroups": {
      "name": "objectGroups_176",
      "tm": [
    -4.47035e-8,
    0.0,
    1.0,
    0.0,
    1.0,
    0.0,
    -1.0,
    0.0,
    -4.47035e-8,
    2459.97,
    21.55,
    1397.11,
],
      "unit_class": "czech_hedgehog_dynamic",
      "objLayer": 2,
      "props": {
        "army": 0,
        "active": true
      }
    },
    "objectGroups": {
      "name": "objectGroups_171",
      "tm": [
    0.34202,
    0.0,
    0.939692,
    0.0,
    1.0,
    0.0,
    -0.939692,
    0.0,
    0.34202,
    2462.1,
    21.55,
    1394.34,
],
      "unit_class": "czech_hedgehog_dynamic",
      "objLayer": 2,
      "props": {
        "army": 0,
        "active": true
      }
    },
    "objectGroups": {
      "name": "objectGroups_183",
      "tm": [
    -0.999048,
    0.0,
    -0.0436236,
    0.0,
    1.0,
    0.0,
    0.0436236,
    0.0,
    -0.999048,
    2460.56,
    21.55,
    1390.44,
],
      "unit_class": "czech_hedgehog_dynamic",
      "objLayer": 2,
      "props": {
        "army": 0,
        "active": true
      }
    },
    "objectGroups": {
      "name": "objectGroups_184",
      "tm": [
    0.461755,
    0.0,
    -0.887008,
    0.0,
    1.0,
    0.0,
    0.887008,
    0.0,
    0.461755,
    2463.98,
    21.55,
    1391.2,
],
      "unit_class": "czech_hedgehog_dynamic",
      "objLayer": 2,
      "props": {
        "army": 0,
        "active": true
      }
    },
    "objectGroups": {
      "name": "objectGroups_185",
      "tm": [
    0.965925,
    0.0,
    -0.258818,
    0.0,
    1.0,
    0.0,
    0.258818,
    0.0,
    0.965925,
    2462.93,
    21.55,
    1387.87,
],
      "unit_class": "czech_hedgehog_dynamic",
      "objLayer": 2,
      "props": {
        "army": 0,
        "active": true
      }
    },
    "objectGroups": {
      "name": "objectGroups_186",
      "tm": [
    0.642786,
    0.0,
    -0.766045,
    0.0,
    1.0,
    0.0,
    0.766045,
    0.0,
    0.642786,
    2465.29,
    21.55,
    1385.28,
],
      "unit_class": "czech_hedgehog_dynamic",
      "objLayer": 2,
      "props": {
        "army": 0,
        "active": true
      }
    },
    "objectGroups": {
      "name": "objectGroups_187",
      "tm": [
    -0.0871557,
    0.0,
    0.996194,
    0.0,
    1.0,
    0.0,
    -0.996194,
    0.0,
    -0.0871557,
    2466.34,
    21.55,
    1388.62,
],
      "unit_class": "czech_hedgehog_dynamic",
      "objLayer": 2,
      "props": {
        "army": 0,
        "active": true
      }
    },
    "objectGroups": {
      "name": "objectGroups_182",
      "tm": [
    0.258819,
    0.0,
    0.965926,
    0.0,
    1.0,
    0.0,
    -0.965926,
    0.0,
    0.258819,
    2468.71,
    21.55,
    1386.04,
],
      "unit_class": "czech_hedgehog_dynamic",
      "objLayer": 2,
      "props": {
        "army": 0,
        "active": true
      }
    },
    "objectGroups": {
      "name": "objectGroups_194",
      "tm": [
    -0.996195,
    0.0,
    0.0871515,
    0.0,
    1.0,
    0.0,
    -0.0871515,
    0.0,
    -0.996195,
    2466.65,
    21.55,
    1382.15,
],
      "unit_class": "czech_hedgehog_dynamic",
      "objLayer": 2,
      "props": {
        "army": 0,
        "active": true
      }
    },
    "objectGroups": {
      "name": "objectGroups_195",
      "tm": [
    0.342027,
    0.0,
    -0.93969,
    0.0,
    1.0,
    0.0,
    0.93969,
    0.0,
    0.342027,
    2470.14,
    21.55,
    1382.45,
],
      "unit_class": "czech_hedgehog_dynamic",
      "objLayer": 2,
      "props": {
        "army": 0,
        "active": true
      }
    },
    "objectGroups": {
      "name": "objectGroups_196",
      "tm": [
    0.923879,
    0.0,
    -0.382682,
    0.0,
    1.0,
    0.0,
    0.382682,
    0.0,
    0.923879,
    2468.66,
    21.55,
    1379.28,
],
      "unit_class": "czech_hedgehog_dynamic",
      "objLayer": 2,
      "props": {
        "army": 0,
        "active": true
      }
    },
    "objectGroups": {
      "name": "objectGroups_197",
      "tm": [
    0.537298,
    0.0,
    -0.843392,
    0.0,
    1.0,
    0.0,
    0.843392,
    0.0,
    0.537298,
    2470.66,
    21.55,
    1376.42,
],
      "unit_class": "czech_hedgehog_dynamic",
      "objLayer": 2,
      "props": {
        "army": 0,
        "active": true
      }
    },
    "objectGroups": {
      "name": "objectGroups_198",
      "tm": [
    0.0436193,
    0.0,
    0.999048,
    0.0,
    1.0,
    0.0,
    -0.999048,
    0.0,
    0.0436193,
    2472.14,
    21.55,
    1379.59,
],
      "unit_class": "czech_hedgehog_dynamic",
      "objLayer": 2,
      "props": {
        "army": 0,
        "active": true
      }
    },
    "objectGroups": {
      "name": "objectGroups_193",
      "tm": [
    0.382683,
    0.0,
    0.923879,
    0.0,
    1.0,
    0.0,
    -0.923879,
    0.0,
    0.382683,
    2474.15,
    21.55,
    1376.72,
],
      "unit_class": "czech_hedgehog_dynamic",
      "objLayer": 2,
      "props": {
        "army": 0,
        "active": true
      }
    },
    "objectGroups": {
      "name": "objectGroups_205",
      "tm": [
    -0.965927,
    0.0,
    0.258815,
    0.0,
    1.0,
    0.0,
    -0.258815,
    0.0,
    -0.965927,
    2472.0,
    21.55,
    1373.1,
],
      "unit_class": "czech_hedgehog_dynamic",
      "objLayer": 2,
      "props": {
        "army": 0,
        "active": true
      }
    },
    "objectGroups": {
      "name": "objectGroups_206",
      "tm": [
    0.173655,
    0.0,
    -0.984807,
    0.0,
    1.0,
    0.0,
    0.984807,
    0.0,
    0.173655,
    2475.49,
    21.55,
    1372.79,
],
      "unit_class": "czech_hedgehog_dynamic",
      "objLayer": 2,
      "props": {
        "army": 0,
        "active": true
      }
    },
    "objectGroups": {
      "name": "objectGroups_207",
      "tm": [
    0.843391,
    0.0,
    -0.537298,
    0.0,
    1.0,
    0.0,
    0.537298,
    0.0,
    0.843391,
    2473.48,
    21.55,
    1369.93,
],
      "unit_class": "czech_hedgehog_dynamic",
      "objLayer": 2,
      "props": {
        "army": 0,
        "active": true
      }
    },
    "objectGroups": {
      "name": "objectGroups_208",
      "tm": [
    0.382682,
    0.0,
    -0.92388,
    0.0,
    1.0,
    0.0,
    0.92388,
    0.0,
    0.382682,
    2474.96,
    21.55,
    1366.76,
],
      "unit_class": "czech_hedgehog_dynamic",
      "objLayer": 2,
      "props": {
        "army": 0,
        "active": true
      }
    },
    "objectGroups": {
      "name": "objectGroups_209",
      "tm": [
    0.21644,
    0.0,
    0.976296,
    0.0,
    1.0,
    0.0,
    -0.976296,
    0.0,
    0.21644,
    2476.96,
    21.55,
    1369.62,
],
      "unit_class": "czech_hedgehog_dynamic",
      "objLayer": 2,
      "props": {
        "army": 0,
        "active": true
      }
    },
    "objectGroups": {
      "name": "objectGroups_204",
      "tm": [
    0.537299,
    0.0,
    0.843391,
    0.0,
    1.0,
    0.0,
    -0.843391,
    0.0,
    0.537299,
    2478.44,
    21.55,
    1366.45,
],
      "unit_class": "czech_hedgehog_dynamic",
      "objLayer": 2,
      "props": {
        "army": 0,
        "active": true
      }
    },
    "objectGroups": {
      "name": "objectGroups_216",
      "tm": [
    -0.965927,
    0.0,
    0.258815,
    0.0,
    1.0,
    0.0,
    -0.258815,
    0.0,
    -0.965927,
    2476.6,
    21.55,
    1363.2,
],
      "unit_class": "czech_hedgehog_dynamic",
      "objLayer": 2,
      "props": {
        "army": 0,
        "active": true
      }
    },
    "objectGroups": {
      "name": "objectGroups_217",
      "tm": [
    0.173655,
    0.0,
    -0.984807,
    0.0,
    1.0,
    0.0,
    0.984807,
    0.0,
    0.173655,
    2480.09,
    21.55,
    1362.89,
],
      "unit_class": "czech_hedgehog_dynamic",
      "objLayer": 2,
      "props": {
        "army": 0,
        "active": true
      }
    },
    "objectGroups": {
